xi1=0;xi2=0:1;xi3=0:2;
yi1=1;yi2=1:2;yi3=[1,2,1];
